HDF: 0:00:00.327410
Feather: 0:00:00.165856
Parquet: 0:00:00.310182
