HDF: 0:00:00.319720
Feather: 0:00:00.141733
Parquet: 0:00:00.279372
